time,x,y,z,phi,theta,psi,x_velocity,y_velocity,z_velocity,phi_velocity,theta_velocity,psi_velocity,rotor_speed1,rotor_speed2,rotor_speed3,rotor_speed4
0.06,1.11242822578e-07,1.26942766796e-07,10.0074104626,0.000116186704127,6.28297647681,0.0,1.52555787173e-05,1.17402210087e-05,0.246994040934,0.00555269885499,-0.0115545758865,0.0,481.8384642230469,480.9643754893935,480.9626315608708,481.38287944795513
0.12000000000000001,7.84778595599e-06,4.76953944124e-06,10.0266904685,0.000453992987171,6.28277197407,0.0,0.000287696204182,0.00017964589231,0.395632394236,0.00578447546481,0.00927062010418,0.0,451.80853474659267,453.48421558643565,451.64926490279004,451.66785758133267
0.18,3.10605504769e-05,2.53506358604e-05,10.0518331223,0.000644656621636,8.76603662405e-05,0.0,0.000436234868098,0.000532245581713,0.442438720283,-0.00262551658131,0.00644171721393,0.0,420.04622510906796,419.8007544377215,420.15957385828136,419.4298784496155
0.23999999999999996,5.38975939915e-05,7.03879344173e-05,10.0821481791,0.00033540246851,0.000174139291865,0.0,0.000297264275664,0.000944857085758,0.568008572144,-0.0107638561746,-0.01113467174,0.0,445.278639621258,443.8386615142959,446.10128137224024,445.4364351028351
0.3,7.02833722497e-05,0.000131721934841,10.1205292144,6.28264085679,6.28299129067,0.0,0.000303463831036,0.00101845127761,0.711280564456,-0.0239032656776,0.00234718748443,0.0,449.90834600161776,450.9985131838687,451.63009870044044,450.5693272155806
0.36000000000000004,9.17049444273e-05,0.000170815596164,10.172650213,6.28113490894,6.28253858651,0.0,0.000399186463684,8.83595772898e-05,1.02585766949,-0.0276047313859,-0.0514112963049,0.0,502.9018898614202,498.99327533307553,501.044214196375,500.77504826393545
0.4200000000000001,0.000139057866526,0.000130979729641,10.2357179533,6.2795519502,6.27937174802,0.0,0.00147497221891,-0.00156934722406,1.07635299023,-0.0240444516426,-0.0556693382754,0.0,421.8255670670274,421.4557526653357,422.16555335498833,422.47241746249085
0.48000000000000015,0.000320455210878,-4.48423108389e-05,10.3035898874,6.27816685382,6.27570219609,0.0,0.00493025019679,-0.00443711326675,1.18593483195,-0.0212320433886,-0.0753657406393,0.0,441.7455079830166,440.1156502676633,441.16703809924724,441.3991180359814
0.5400000000000001,0.000807603181132,-0.000431252925757,10.3801095649,6.27744714737,6.27137717291,0.0,0.0118082280641,-0.00855035741358,1.36451988622,0.00198604427087,-0.0662200597249,0.0,462.2012802941942,462.9176029670351,461.6661973397619,463.49443086439476
0.6000000000000002,0.00180420506256,-0.00107565552133,10.4673140392,6.277611219,6.26766507072,0.0,0.0218437456851,-0.0129123124799,1.54206767045,0.00419107916292,-0.0543439774645,0.0,462.1631384096628,463.0955136819206,462.6714099944615,462.84491048074494
0.6600000000000003,0.00339561165057,-0.00194651668809,10.5595880282,6.27799497053,6.26411971831,0.0,0.0314939215941,-0.0160888488462,1.53373830032,0.0104763403981,-0.0708433170582,0.0,404.98327504375277,403.49365767494044,402.5391831765009,403.107411790182
0.7200000000000003,0.00567406364863,-0.00301114480985,10.6535369722,6.27819378687,6.25948173149,0.0,0.0448776432946,-0.0193519466243,1.59779672987,-0.0175657447314,-0.0951100665991,0.0,428.4591069509747,426.38585348177196,429.250401732334,426.8642660635143
0.7800000000000004,0.00888116921265,-0.00428011123468,10.7525226189,6.27697074143,6.25385670728,0.0,0.062603057768,-0.0230621187328,1.70155975477,-0.0267182984154,-0.0911628732995,0.0,440.79833594448775,441.1168522319408,440.7814877050378,440.02452360007794
0.8400000000000004,0.0133554270655,-0.00581809700663,10.8606440413,6.27500391486,6.24893999695,0.0,0.0871310461811,-0.0284056505216,1.90215452724,-0.0490619596767,-0.0679933394321,0.0,468.86687724491935,470.65805961168,472.3153228636822,470.5886278531336
0.9000000000000005,0.0193735907597,-0.00771901737741,10.9797011839,6.27246832258,6.24528173637,0.0,0.113892450758,-0.0352581521142,2.06611532976,-0.0312908865042,-0.0497158183742,0.0,459.6882193053899,461.1315761011201,459.591490628054,460.9967820541998
0.9600000000000005,0.0270832655108,-0.0100865652296,11.1087805805,6.27039490522,6.24222849253,0.0,0.143423132358,-0.0438772873406,2.23619609095,-0.0420526844042,-0.0533390895705,0.0,462.7329492743232,462.4461070172536,463.4970585325696,462.6500750445043
1.0200000000000005,0.0366944390892,-0.013039453528,11.2494909426,6.26828090612,6.23912495595,0.0,0.177306479679,-0.0548198270015,2.45368558522,-0.0242410386919,-0.0486806252802,0.0,477.0249453291845,477.3789991304447,477.2821171428603,478.63902155118905
1.0800000000000005,0.0483303363059,-0.0166669695114,11.401404642,6.26743441685,6.23603347849,0.0,0.21087143438,-0.066213003149,2.60974044801,0.000892654387761,-0.0579220652603,0.0,459.3904495161178,458.65545540545764,460.52645920713206,462.51021156440754
1.1400000000000006,0.0618957228595,-0.0209405698305,11.5594461547,6.26763243661,6.2333213855,0.0,0.241586487073,-0.0762261749403,2.65818055595,0.00772675355035,-0.0274866299325,0.0,426.00127504920266,428.59428464559636,426.85691364432483,427.4396551067203
1.2000000000000006,0.0773494005384,-0.0258094623441,11.7203828149,6.26759734263,6.23199872843,0.0,0.273667499669,-0.086038445508,2.70625106601,-0.0276213510905,-0.0129271597253,0.0,427.1913308214039,428.4309453779348,428.45391474427754,425.43806640090526
1.2600000000000007,0.095026203396,-0.031360915111,11.8895725182,6.26559900363,6.23104458282,0.0,0.315632342203,-0.0992173902387,2.93283725914,-0.0482005911104,-0.0226386008126,0.0,482.9425226801518,482.2095854494902,483.0339545834789,481.47912512789196
1.3200000000000007,0.115143589918,-0.0377222508928,12.0704028062,6.26247077993,6.23005668381,0.0,0.355050631189,-0.113151937842,3.09439561687,-0.0614751485782,-0.00633377009482,0.0,463.48184257181197,464.7616048988912,465.2073491370192,464.1650690305869
1.3800000000000008,0.13739580578,-0.0448935206175,12.2562574131,6.25861070211,6.22942907115,0.0,0.386729249568,-0.126221866565,3.10072514708,-0.0707706246622,-0.0203501684394,0.0,416.9198016293314,415.6934306247877,416.30801176956334,415.4904558457488
1.4400000000000008,0.16171253123,-0.0529902698006,12.4452729031,6.25430657564,6.22829312596,0.0,0.423930435426,-0.144097632762,3.19949353757,-0.0737373382624,-0.0162380436745,0.0,446.0362079222763,446.37196471736837,446.20898333799823,445.9627747247794
1.5000000000000009,0.188331002886,-0.0622746737169,12.6410775095,6.24992273113,6.22746956026,0.0,0.463423306214,-0.165838250019,3.32693502538,-0.0717511608246,-0.00912407251693,0.0,455.9223830294772,456.4905397184911,455.04149439036223,455.19645970848035
1.560000000000001,0.21724914475,-0.0729049419478,12.8430004621,6.24598872148,6.22712053837,0.0,0.500541508182,-0.18889974382,3.40357854526,-0.0554248320457,8.98219427367e-05,0.0,440.2475058919794,441.00934003839865,439.9792877528069,441.325628340694
1.620000000000001,0.248301032811,-0.0849284100871,13.0477782026,6.24264979224,6.2268935836,0.0,0.534522316636,-0.21218009771,3.42226922531,-0.056100418478,-0.0129433662058,0.0,422.315289037937,421.18962048491665,423.0734928757162,423.01305289421657
1.680000000000001,0.281625373401,-0.098575888919,13.2577077619,6.23908169574,6.22637655171,0.0,0.576327418363,-0.243095688132,3.57488427711,-0.0672336482338,-0.00112807668834,0.0,465.8129645082855,466.7361542205718,463.78609159989935,462.90843459081833
1.740000000000001,0.317467968468,-0.114161983318,13.4768236295,6.2347638794,6.22603838224,0.0,0.618412180394,-0.27687488058,3.7284523817,-0.0836682793783,-0.0166641540509,0.0,467.9924206208488,466.7816229982968,465.50280795402006,464.2110547112092
1.8000000000000012,0.356168304836,-0.132151874179,13.7107569461,6.22987374285,6.22469749779,0.0,0.671683052865,-0.323410422659,4.06811161512,-0.077490841306,-0.0372438352937,0.0,520.6893955139759,519.2476306708102,519.8835808382556,520.3119185527569
1.8600000000000012,0.397581551582,-0.152585236739,13.9561500583,6.22533294834,6.22240218021,0.0,0.708955965301,-0.358121895308,4.11144707424,-0.0722858353051,-0.0403585357565,0.0,436.04205292499785,435.7810084314151,434.9575743381041,435.38865071302774
1.9200000000000013,0.441289267613,-0.175200211572,14.204376834,6.2212967775,6.2199774555,0.0,0.748180316974,-0.396093584424,4.16253287267,-0.0587649394587,-0.0405193509252,0.0,438.03410179786067,438.01985629147146,438.39255894392807,439.51117412055066
1.9800000000000013,0.487273633845,-0.200048402192,14.4537438034,6.21748795467,6.21755801261,0.0,0.784835435266,-0.432492281261,4.14969054832,-0.0751407036505,-0.0399363799488,0.0,417.79359376221345,417.84347211607286,419.05275499594654,417.6233612285972
2.0400000000000014,0.535863885496,-0.227518085316,14.7078665283,6.21257690105,6.21583553748,0.0,0.835014310053,-0.483642994529,4.32035241789,-0.100707342064,-0.0125186544066,0.0,474.08225453988865,476.18412063759683,477.3746520475279,475.41434430451
2.1000000000000014,0.587229080223,-0.25789119719,14.9682679691,6.20601145711,6.2151856318,0.0,0.877203887111,-0.529356645572,4.35947093094,-0.139147925522,-0.00765510737616,0.0,436.7783744108426,437.18396357697907,438.11227659883525,434.8921597103881
2.1600000000000015,0.641299400859,-0.291328492104,15.2334052416,6.19769677161,6.21476418336,0.0,0.925143542034,-0.586053181928,4.47786847839,-0.137463352803,-0.00579111955822,0.0,461.55206715594335,461.6992800744867,462.4131816785886,462.5288900642011
2.2200000000000015,0.69821335398,-0.328293934694,15.5050588576,6.18928963205,6.21449557451,0.0,0.971980068582,-0.646938171882,4.57674005575,-0.146036098488,-0.00196975281314,0.0,457.27110573472794,457.5755340101053,457.43400148564183,456.73302378308676
2.2800000000000016,0.758011549008,-0.369186703887,15.7836582593,6.18048276978,6.2141285595,0.0,1.02126628939,-0.717036383379,4.70922394157,-0.148312251125,-0.0160679218101,0.0,469.6095470575605,468.5146802741974,468.13492709838755,467.93876150292095
2.3400000000000016,0.820771292054,-0.414469710035,16.0701196294,6.17153794279,6.21335573856,0.0,1.07076527385,-0.793283461839,4.83877860557,-0.150660884969,-0.00716572691457,0.0,468.8019329123074,469.49334143446873,469.10566720880485,468.90362874320573
2.4000000000000017,0.886211068115,-0.464032769892,16.3600396877,6.16229014815,6.21304797007,0.0,1.11058089192,-0.859598795241,4.82513439622,-0.162160011701,-0.00133965642742,0.0,425.0053768480558,425.5045942794235,425.96613504222006,424.95773635782336
2.4600000000000017,0.954122010604,-0.517876601817,16.6502549734,6.15232022421,6.21262489645,0.0,1.15311312026,-0.936069021523,4.84843065999,-0.175688845747,-0.0220484085517,0.0,439.1329762558591,437.4116156909975,437.6669617196026,436.51223558314393
2.520000000000002,1.02458523052,-0.576477247471,16.9417121359,6.14176913026,6.21124309641,0.0,1.19576135936,-1.01821457245,4.8665146961,-0.176178522061,-0.0250689902137,0.0,437.4159974398977,437.16428965414156,436.01515596819934,435.9437947777248
2.580000000000002,1.09773900266,-0.640412146889,17.2357010831,6.13114943675,6.20958306518,0.0,1.24281310351,-1.11392316756,4.93257407312,-0.178677186764,-0.0334477560751,0.0,453.2272181874947,452.5530175567877,452.41092709098905,452.1800533097282
2.640000000000002,1.17339245269,-0.709562223619,17.5288749538,6.12090353884,6.20770949304,0.0,1.27912497802,-1.19190023611,4.84006898439,-0.158389878031,-0.0271178055775,0.0,401.47889567784597,402.0524554208985,399.3625302902846,401.17714143034203
2.700000000000002,1.25116203139,-0.78335315856,17.815337118,6.11169735292,6.20621104428,0.0,1.31332500817,-1.26851591064,4.70902396814,-0.145028689772,-0.0209993518515,0.0,386.58754281718166,387.1635351933401,385.8237115408858,387.0571204964593
2.760000000000002,1.33145436475,-0.862876453118,18.0996869659,6.102831407,6.2048417883,0.0,1.36317067073,-1.38304685836,4.7687701222,-0.153886524517,-0.0267381211218,0.0,450.54055827218247,450.0762359897723,451.73266036515395,450.99752552959274
2.820000000000002,1.41485518973,-0.949659784789,18.3887387744,6.09334956569,6.20304999906,0.0,1.41697234493,-1.51058532139,4.86553783368,-0.167956311728,-0.0369874491359,0.0,464.162762061859,463.35734936958397,463.92023775730115,462.79124826992614
2.880000000000002,1.50126251003,-1.04368618308,18.6804152138,6.083175711,6.2002868188,0.0,1.4634546864,-1.62448679822,4.85671004898,-0.172986173979,-0.0786134295909,0.0,433.0235603379151,429.50517484451376,431.82777285057455,431.37467337372556
2.940000000000002,1.5904210743,-1.14450445668,18.9704361339,6.07244807521,6.19537354572,0.0,1.50888554049,-1.73698370535,4.81047447019,-0.194104706505,-0.0894021361044,0.0,419.0136137932879,418.0685281068943,421.50344243848,419.6406293801938
3.000000000000002,1.68278805639,-1.25320492064,19.2620425172,6.06059171897,6.19036609261,0.0,1.57048258238,-1.88742515892,4.90877235562,-0.205719709418,-0.0736444543355,0.0,466.0373303625488,467.26210679016503,467.7156229265191,466.7737346608479
3.0600000000000023,1.77854332021,-1.3702142446,19.5552568038,6.04805111505,6.18671265381,0.0,1.62167244459,-2.01389805427,4.86475163328,-0.216556588016,-0.0431446743763,0.0,421.20023083627365,423.8269857313736,423.75404504629057,422.7756879020872
3.1200000000000023,1.87741220673,-1.49499423356,19.8456640444,6.03563921179,6.1836746688,0.0,1.67416427437,-2.14646258865,4.81520600181,-0.192381012067,-0.073059956325,0.0,422.51169858257435,419.9220646429538,421.11063825795844,423.15184639588375
3.1800000000000024,1.98000393704,-1.62920881321,20.138061723,6.02387668018,6.17996649954,0.0,1.74588891657,-2.32838178003,4.93020926579,-0.204594076737,-0.0455869190557,0.0,474.92524768503296,477.0253400387804,475.80095031379716,474.8298689753885
3.2400000000000024,2.0869950104,-1.77465367055,20.4375072844,6.01164487305,6.17714037231,0.0,1.82066761978,-2.52085425697,5.05003898994,-0.20244322171,-0.0503180382173,0.0,479.8456920003021,479.48519016088613,479.41021978403694,479.5361853453462
3.3000000000000025,2.19840610136,-1.93159341027,20.7429284307,5.99944701158,6.1736662975,0.0,1.893260385,-2.71149737743,5.12954349798,-0.205060729286,-0.0808032544344,0.0,470.6666993514559,468.29852450622104,470.2271413304819,469.986202927876
3.3600000000000025,2.31373348076,-2.09891118612,21.0485780694,5.98706303806,6.16879572108,0.0,1.9513575027,-2.86673678448,5.05842565365,-0.209216268937,-0.0819324607514,0.0,422.8291295572652,422.72612228055783,422.7768624947428,422.37426065488074
3.4200000000000026,2.43280079899,-2.27619499114,21.3513630756,5.97530006851,6.16407946537,0.0,2.01792283076,-3.04368381986,5.03374738007,-0.177915509424,-0.0726670342593,0.0,439.5900760644221,440.3523041608389,437.65786148681474,440.21670912297685
3.4800000000000026,2.55573528514,-2.4637801096,21.6509744435,5.96456863957,6.16006880342,0.0,2.08020139942,-3.21000908594,4.9529676926,-0.180807208033,-0.0571983157696,0.0,421.35578913700425,422.68756507059624,421.3313145298304,421.0483420393595
3.5400000000000027,2.68271628325,-2.66215871607,21.9475989653,5.95436018585,6.15646998736,0.0,2.15274049026,-3.40343982146,4.93380253481,-0.154570059707,-0.0662197197102,0.0,444.0858048418139,443.3424648569501,442.46393021082184,444.5906706878598
3.6000000000000028,2.81431412826,-2.87283999826,22.2444974091,5.94484364159,6.15231969641,0.0,2.23413698808,-3.61998131192,4.96180243369,-0.168229989178,-0.0758435738614,0.0,461.41249333305245,460.64847431539056,461.1272993680894,460.0236548398056
3.660000000000003,2.95079507724,-3.09650756172,22.5424309982,5.93450991925,6.14775566983,0.0,2.31555163834,-3.83637781635,4.96833356146,-0.181732427064,-0.0765177066604,0.0,455.15403815398327,455.0956588874972,457.5619671856997,456.4577311094399
3.720000000000003,3.09183377564,-3.33233636533,22.8378665091,5.92388550605,6.14303562065,0.0,2.38606814855,-4.02543131386,4.87903774017,-0.169098513054,-0.0833536769887,0.0,425.2613911506495,424.6700151802913,425.67413685267803,426.72232286312214
3.780000000000003,3.23776689499,-3.58115685936,23.1317650276,5.91377038405,6.13754051372,0.0,2.47873094093,-4.26930523571,4.91627416693,-0.167579722026,-0.118079911491,0.0,471.4989990900336,468.8006865005425,468.95041822870525,469.0428259334968
3.840000000000003,3.38899049403,-3.84387741662,23.4253820328,5.90432283852,6.13049930719,0.0,2.5625823766,-4.48876410487,4.8700868351,-0.142487052759,-0.115940022791,0.0,445.12839639226706,445.2911957837524,443.2832657434285,445.3169001259558
3.900000000000003,3.54510719209,-4.11932182144,23.7145991813,5.89595103675,6.12372719915,0.0,2.64180122983,-4.69339927776,4.76995251014,-0.134195310131,-0.107346079381,0.0,426.7516365693354,427.47282685595724,428.2247648487789,428.91078686078595
3.960000000000003,3.70613740839,-4.4073299659,23.9980641766,5.88807816985,6.1172482694,0.0,2.72632780872,-4.90751613767,4.67826860215,-0.125840442265,-0.109284515758,0.0,432.2854447056247,432.1114094499359,431.7617012240551,432.44980156326943
4.020000000000002,3.87203752811,-4.70764062917,24.2742960832,5.88008619998,6.11072644071,0.0,2.80413073311,-5.10354296396,4.52917141358,-0.154964086706,-0.107548535903,0.0,412.141962014973,412.2839903163435,414.42992173151976,411.84277500173005
4.080000000000001,4.04349919212,-5.02166433369,24.5457218946,5.87114252136,6.10439204848,0.0,2.91168056186,-5.36452643305,4.51705671647,-0.139310622768,-0.101892336951,0.0,461.6647629626333,462.10164128934093,461.75956510519893,462.97293941530944
4.14,4.22183173722,-5.35220754804,24.8178485052,5.8627789713,6.09820603538,0.0,3.03311303153,-5.65405624789,4.55217794994,-0.13955657463,-0.105630377446,0.0,481.45224273775597,481.1609199159229,479.9885885140779,479.9534589605195
4.199999999999998,4.40714814132,-5.69939502718,25.0899124933,5.8544937332,6.09162614992,0.0,3.14450079069,-5.91941767751,4.5153584289,-0.135302769211,-0.119277477233,0.0,460.6363607762671,459.5453164203963,460.54916814429026,460.86864178401544
4.259999999999997,4.59903702338,-6.06219637798,25.3585961028,5.84624993547,6.08409631775,0.0,3.25226511183,-6.17455147404,4.43967287027,-0.141947241016,-0.142361141961,0.0,450.9059842012074,449.02221732305577,450.16120964317804,449.60580206254747
4.319999999999996,4.79668005605,-6.43872651811,25.6188879774,5.83734289898,6.0758236581,0.0,3.33638968501,-6.3772759888,4.23640688206,-0.166433320182,-0.130160486958,0.0,404.706118219145,405.78340501982325,406.72877782383625,404.5054650268307
4.379999999999995,5.00067958565,-6.83004583257,25.8720227726,5.82718896657,6.06761265024,0.0,3.46407366334,-6.66730259069,4.19975724282,-0.175507608876,-0.155605480256,0.0,468.3869593284066,466.3864933997467,467.58626609135274,466.85262101250316
4.439999999999993,5.21260454096,-7.23920628742,26.1232599143,5.81698877162,6.05795403571,0.0,3.60068594238,-6.97192359809,4.17289594858,-0.160808917918,-0.174760034684,0.0,474.50877001233886,473.0123913187302,474.87724692376327,475.97789365760684
4.499999999999992,5.43220848373,-7.66549145785,26.3700089871,5.80712290477,6.04708245213,0.0,3.72012062364,-7.23823170851,4.050762702,-0.17287835391,-0.198884171611,0.0,446.9669288141611,444.96357496712585,445.7954111363853,444.78189109729254
4.559999999999991,5.65883583187,-8.10734557401,26.6081105073,5.79696910174,6.03501697783,0.0,3.83487821304,-7.49096233387,3.88480468935,-0.162790964269,-0.205908578569,0.0,434.06497323109585,433.43408695259353,431.3810357431798,432.20384206544594
4.6199999999999894,5.89287908502,-8.56519887035,26.8373214545,5.78749961263,6.02283535157,0.0,3.9673228781,-7.77140312451,3.75404165381,-0.149398871679,-0.197818801154,0.0,448.89912333499797,449.5153025801172,447.97913480544025,449.04360604633473
4.679999999999988,6.13450467592,-9.03908445676,27.0567009695,5.77864840898,6.01125957488,0.0,4.08756195919,-8.02550235082,3.55755464757,-0.144008939939,-0.184617836867,0.0,427.4636774707606,428.54950043356666,427.4016967976168,427.83962790156875
4.739999999999987,6.3837438213,-9.52881677385,27.2648963616,5.76987378855,6.00072987612,0.0,4.2210105845,-8.2995671852,3.38099932488,-0.151129953828,-0.161663041936,0.0,437.73609090407894,439.6121781346951,438.22089292049685,437.60793522214726
4.799999999999986,6.6419311508,-10.0365254711,27.4647013584,5.76109671054,5.99082333841,0.0,4.38568083375,-8.62450768487,3.27717057358,-0.138033819563,-0.173075716573,0.0,468.9063648197722,467.99402726176635,468.3740113177302,469.3728070364023
4.859999999999984,6.90887760952,-10.5618162627,27.6544023312,5.75278653289,5.98012955412,0.0,4.51310103835,-8.885971997,3.04513842857,-0.139457036733,-0.191281596795,0.0,425.1023619853455,423.5061115938754,425.70329961272625,425.5627369253753
4.919999999999983,7.18534061785,-11.1057765314,27.8347562781,5.74401856612,5.96877732813,0.0,4.70282589076,-9.24629484636,2.96414332,-0.164827442663,-0.18534781142,0.0,484.27943013023327,484.694100012131,486.06633172396204,484.1421101467949
4.979999999999982,7.47138722258,-11.6684358126,28.0047748869,5.73404498196,5.95746797526,0.0,4.83262138864,-9.5098740739,2.70193551676,-0.169178008591,-0.195644608931,0.0,422.8641799453061,421.93916728829413,422.24068601843635,421.8370095153281
5.0399999999999805,7.76575747672,-12.2477329075,28.1598643035,5.72356300594,5.94533745951,0.0,4.98026158659,-9.80076589025,2.4660625647,-0.188996325062,-0.22025583997,0.0,437.01298572435127,434.91410434733353,437.778109319524,436.0948879046314
