episode,total_reward
1,-48.8528865924
2,-48.5662545029
3,-48.3958063063
4,-71.8239696943
5,-16.5694587718
6,-24.3226457909
7,-18.5073933339
8,-3683.09758025
9,-5299.39849897
10,-5492.55423071
11,-5418.6635001
12,-5830.80130199
13,-4922.90678445
14,-4558.57799157
15,-5032.68977292
16,-5399.50003009
17,-6040.20793748
18,-5610.93870912
19,-5127.21908653
20,-5579.48084841
21,-5103.30011004
22,-5007.11060347
23,-5347.34960762
24,-5249.33138404
25,-4840.89249254
26,-5257.12499142
27,-5453.43536254
28,-5086.07575099
29,-5463.84040742
30,-4819.54335419
31,-5798.68596259
32,-5113.19531397
33,-4884.50805625
34,-5369.65042173
35,-5141.9226216
36,-4690.27195373
37,-5426.14596984
38,-5538.55605724
39,-4579.73002799
40,-5796.5741134
41,-5363.29967327
42,-5827.63502655
43,-5505.27369054
44,-5157.30386075
45,-26.1798567875
46,-25.2962204074
47,-23.1777804067
48,-24.8235321499
49,-29.2096244055
50,-24.4083312992
51,-19.0027508273
52,-43.2815828404
53,-24.325475878
54,-21.8567676416
55,-42.3265132823
56,-23.3958759981
57,-47.1286245878
58,-19.1978152048
59,-24.6999106448
60,-24.0395774977
61,-29.8617509267
62,-26.1767888427
63,-27.9344461012
64,-30.02711547
65,-29.7908061201
66,-70.7989505605
67,-47.8237999579
68,-17.7965363176
69,-90.308934269
70,-34.1403648936
71,-41.504806039
72,-2.1401973264
73,-18.9716052693
74,-27.5312798917
75,-36.3590963183
76,-20.1428650948
77,-42.4154544705
78,-19.5970550347
79,-21.3499692528
80,-22.2966570067
81,-19.095392153
82,-47.4938793701
83,-20.3332642317
84,-26.6374784929
85,-20.219180951
86,-33.5776947116
87,-24.7715399188
88,-28.1578208899
89,-30.1036795194
90,-27.6370222609
91,-21.7063645568
92,-34.8844092181
93,-21.4894092131
94,-24.1086969377
95,-19.6511986757
96,-20.5208844795
97,-33.8622268847
98,-36.6967093037
99,-26.6592391553
100,-17.4510455252
101,-20.6819902889
102,-29.7798561763
103,-25.3288141965
104,-21.4644303323
105,-19.128899095
106,-21.7913997699
107,-23.7540716683
108,-28.8261507299
109,-19.822608972
110,-22.8357967144
111,-27.1087915859
112,-21.3110539986
113,-37.3395422092
114,-21.045334276
115,-13.5896866864
116,-43.720878669
117,-26.8256945012
118,-36.5508270852
119,-21.3655082208
120,-33.3872357287
121,-22.4242159861
122,-43.3045881766
123,-22.0093493592
124,-35.0424644047
125,-22.8594879259
126,-20.6908222249
127,-33.3860507197
128,-28.7374890426
129,-17.8951700685
130,-21.1752347281
131,-27.5040972492
132,-23.6964174784
133,-44.9531003147
134,-28.8737392068
135,-28.1051452583
136,-21.4923280412
137,-40.4376225437
138,-19.2439692071
139,-21.7226591582
140,-27.5525568556
141,-22.2452523303
142,-33.9624860892
143,-19.7326630268
144,-24.2272748449
145,-26.2052353736
146,-37.3927603643
147,-25.5240330661
148,-28.8775995947
149,-24.6169693226
150,-25.4348561291
151,-17.2151548451
152,-33.1289432607
153,-30.7736156146
154,-41.8405260465
155,-18.7198786447
156,-28.9286900686
157,-21.1403557272
158,-28.5813634767
159,-23.9701924373
160,-31.5233679931
161,-33.6533245866
162,-33.317040551
163,-42.4512244792
164,-24.1852342556
165,-20.6677286903
166,-20.044545871
167,-38.8030755092
168,-28.713047358
169,-19.377768887
170,-30.5409629033
171,-36.7900002669
172,-36.4415881445
173,-24.3649853399
174,-55.584369478
175,-31.7944835172
176,-24.7478818274
177,-18.5080148556
178,-24.0606190988
179,-56.2288248526
180,-25.4192367354
181,-20.4706922836
182,-34.3712646333
183,-12.3890378184
184,-40.7098885354
185,-45.6438482852
186,-30.0413112994
187,-38.1506611696
188,-18.2481905861
189,-20.1910342694
190,-22.9482461269
191,-29.5674303063
192,-23.2124927674
193,-19.7480242743
194,-32.5992422095
195,-21.2504775185
196,-19.6973336082
197,-23.0355355536
198,-22.1108082527
199,-19.2282955679
200,-42.1168256099
201,-21.455041427
202,-21.2727460814
203,-33.6184239216
204,-16.1065420303
205,-18.925870712
206,-26.9608525748
207,-23.2467851366
208,-22.7501850075
209,-23.1558839376
210,-18.263641972
211,-21.8430018578
212,-30.5975107609
213,-23.4685860128
214,-40.5201299883
215,-28.0173929297
216,-15.7548233967
217,-35.3252220444
218,-20.5530259519
219,-37.0855263515
220,-22.7591226549
221,-45.2017332285
222,-19.9473539778
223,-30.0521905901
224,-28.4197222738
225,-22.9578268255
226,-24.9849175187
227,-22.8528371075
228,-43.6151997768
229,-15.8823849148
230,-37.1766622389
231,-37.4662151475
232,-23.4042656214
233,-27.5081039664
234,-25.5749037371
235,-27.5723051301
236,-13.2223342494
237,-29.5950839057
238,-19.013353701
239,-26.3504012708
240,-27.2445757475
241,-43.3297210145
242,-23.9611395519
243,-39.587820004
244,-31.7265266994
245,-20.6915043926
246,-31.7309431587
247,-20.8850615489
248,-24.4745170709
249,-28.0524408202
250,-20.3848104843
251,-23.7935485381
252,-19.0867845241
253,-12.2996233549
254,-12.743205913
255,-33.3242255884
256,-18.554471489
257,-20.2545732703
258,-20.6619597847
259,-32.4261252481
260,-50.7301622768
261,-28.7543764463
262,-32.5196838741
263,-12.9817328742
264,-30.1198712091
265,-18.0346415263
266,-13.6030894177
267,-30.4349864402
268,-37.5983412074
269,-29.845673083
270,-22.640695847
271,-31.1353307482
272,-37.9771235192
273,-29.9176475715
274,-31.998491367
275,-20.9412653105
276,-49.7392338808
277,-51.757207885
278,-46.2788601212
279,-19.1308225155
280,-29.8795928523
281,-19.1241147373
282,-35.6314395021
283,-35.7844388466
284,-26.504830316
285,-26.8769918305
286,-33.0568088962
287,-34.3537198503
288,-17.1233235036
289,-19.1090569212
290,-21.9655449519
291,-29.6746885238
292,-18.5001155071
293,-24.9761300428
294,-34.4198456003
295,-36.9644839937
296,-18.3864730179
297,-24.9892639995
298,-19.9334162327
299,-15.5320503113
300,-28.3266124809
301,-23.1669152043
302,-34.1255046587
303,-28.2107090598
304,-34.002668945
305,-22.2401407111
306,-32.3299591188
307,-23.392680381
308,-36.2148790742
309,-18.7574789286
310,-20.7044808818
311,-30.2241723899
312,-31.4886887624
313,-29.0057681045
314,-29.015229601
315,-19.3351759628
316,-19.6362520802
317,-24.1147549618
318,-29.1370227919
319,-25.7295251684
320,-42.2569228246
321,-28.5232941395
322,-28.6261227604
323,-44.6035313483
324,-31.8718601028
325,-40.8939615679
326,-44.6891356854
327,-30.9135486717
328,-43.0358179758
329,-34.2296169345
330,-30.9763185469
331,-41.2952443207
332,-24.9132814733
333,-51.8856974334
334,-37.4482031287
335,-48.5406378154
336,-32.7831246809
337,-38.5884332804
338,-39.4065056369
339,-29.9562562504
340,-19.827630878
341,-41.3733618145
342,-47.0787122864
343,-39.3598456297
344,-40.0200070457
345,-48.2796521662
346,-18.6788728005
347,-21.1989044248
348,-22.6126893226
349,-14.4650262066
350,-19.6425850253
351,-28.024608481
352,-28.9519712421
353,-26.0511487614
354,-30.7143836664
355,-30.5172398492
356,-45.4899163861
357,-25.7177174873
358,-29.8943500589
359,-32.2253586251
360,-23.7361022071
361,-15.3323515768
362,-32.8464568744
363,-12.8432212297
364,-24.3094519121
365,-47.1630326342
366,-21.9663658106
367,-31.316239306
368,-24.1358368389
369,-17.991513048
370,-31.6577276562
371,-31.2350737007
372,-27.539002262
373,-25.3056768548
374,-14.1492189165
375,-19.9879499091
376,-21.0544926219
377,-21.4902610239
378,-30.3208728192
379,-26.3010472948
380,-45.4718887446
381,-24.0271440021
382,-27.9787474889
383,-31.4644497844
384,-31.939551375
385,-35.3791399611
386,-19.5342349776
387,-34.9936866722
388,-35.5792411785
389,-28.94131538
390,-26.10063046
391,-42.9428677261
392,-22.7152456862
393,-19.7934270015
394,-25.730945213
395,-22.8016845748
396,-30.2375639705
397,-21.2043099744
398,-20.5630345048
399,-22.1958545017
400,-25.9044071918
401,-41.5641117412
402,-24.741699821
403,-20.0048498856
404,-34.4645342565
405,-23.9040908246
406,-18.0825757978
407,-21.1148872465
408,-25.5095904194
409,-39.5675576575
410,-27.6331879836
411,-20.6422874776
412,-16.912875323
413,-36.3922013759
414,-20.0408729906
415,-30.3659396277
416,-45.5134172869
417,-40.1596474506
418,-21.7683011403
419,-24.7486612904
420,-20.8106633039
421,-36.2027131981
422,-21.7094024961
423,-30.9896172083
424,-20.5527468842
425,-22.1405290782
426,-18.084594134
427,-20.2674283015
428,-42.0605019212
429,-20.9728196851
430,-38.3829416148
431,-24.863597002
432,-20.4856005687
433,-26.5650276165
434,-39.8103542508
435,-19.8894560472
436,-26.8273334257
437,-35.5121099779
438,-32.404230706
439,-42.6992577849
440,-23.7954322337
441,-35.5217119938
442,-39.7053871189
443,-25.002830811
444,-31.5188795274
445,-27.0281223604
446,-37.5324680898
447,-21.3511523615
448,-20.8398790248
449,-31.6259984271
450,-19.6197681474
451,-44.0136054972
452,-34.0547295747
453,-35.354372034
454,-40.4653628522
455,-12.7532110689
456,-20.3396154272
457,-29.3921550451
458,-28.6388666092
459,-29.0629935221
460,-48.8254789198
461,-27.091010515
462,-26.3132039737
463,-32.507688469
464,-23.9011722942
465,-16.2173076083
466,-20.7429803462
467,-24.9911024744
468,-21.799163028
469,-19.7989302968
470,-44.3238589108
471,-25.5034069494
472,-40.4072620669
473,-21.8748937613
474,-28.7781448884
475,-36.0702475132
476,-23.8398672092
477,-21.1373479009
478,-25.8638586792
479,-21.5107090482
480,-31.8556669275
481,-24.8765755317
482,-42.0542048241
483,-29.5430133785
484,-22.8781080321
485,-16.5498653936
486,-29.5721223681
487,-28.7296206515
488,-37.945079318
489,-32.8323996516
490,-32.3615533659
491,-31.9479943752
492,-35.5419178269
493,-28.4910873689
494,-30.4158408581
495,-20.6905124991
496,-27.5592022813
497,-29.7909578047
498,-26.9451744513
499,-40.0091830493
500,-22.4281322703
501,-22.5733696661
502,-14.0752721196
503,-35.1029098893
504,-18.992057103
505,-12.9484813045
506,-47.5054737929
507,-25.539583739
508,-20.7525451764
509,-31.7899859477
510,-27.6089083128
511,-23.5544885248
512,-17.3555449998
513,-32.5574390686
514,-23.2444448831
515,-21.2840868771
516,-33.3221362273
517,-30.9046375453
518,-31.853090086
519,-19.873932372
520,-27.8267041946
521,-25.9114597359
522,-31.130864854
523,-36.1106684588
524,-28.5839430645
525,-29.0312733957
526,-40.2020385997
527,-22.8637237936
528,-20.8101651788
529,-23.6334031061
530,-25.0932411847
531,-21.3259163038
532,-21.1708006745
533,-23.6162590219
534,-30.4867414119
535,-25.0292773391
536,-27.6032652139
537,-33.7504548886
538,-25.1779290409
539,-29.8651774792
540,-29.8537065981
541,-20.2705299391
542,-22.8589434005
543,-24.9886570469
544,-17.6108944182
545,-27.8727558018
546,-25.6857555912
547,-21.0872433399
548,-21.302606229
549,-33.5598493313
550,-18.9041713954
551,-26.0565650304
552,-22.5509081177
553,-25.3187071029
554,-34.1742047977
555,-21.6505683014
556,-14.0905559624
557,-29.9650134808
558,-21.2345893044
559,-22.7864088478
560,-24.890742578
561,-25.8854366165
562,-32.4129438916
563,-19.5522980766
564,-21.0801167164
565,-40.5849771633
566,-36.8811310514
567,-33.6880177265
568,-21.6581958278
569,-36.7689703136
570,-27.4228907319
571,-34.2359589949
572,-23.7389522619
573,-36.2380753282
574,-20.3235339514
575,-18.5792739343
576,-31.1935889392
577,-13.6661425737
578,-21.2849107619
579,-29.3443454011
580,-35.7008705351
581,-16.3929038679
582,-23.6269689735
583,-25.5471720618
584,-49.8337195498
585,-20.1979565871
586,-32.0271221139
587,-20.4490990074
588,-29.84397374
589,-21.7154330387
590,-38.3715147164
591,-47.2551583477
592,-31.6286373183
593,-20.3011034719
594,-40.2763312024
595,-22.9000269777
596,-21.592045784
597,-20.8940859323
598,-36.5901082237
599,-21.0906705617
600,-44.919670254
601,-38.6556413529
602,-24.9269372929
603,-26.8369293446
604,-28.2516416297
605,-19.4852202112
606,-23.8969276074
607,-26.2296428328
608,-36.2814699331
609,-43.344547259
610,-23.5498625957
611,-43.692267369
612,-28.5728642294
613,-28.44061637
614,-26.8299290478
615,-19.0191795959
616,-23.3432010662
617,-21.7342301325
618,-39.9505663295
619,-24.9613978565
620,-25.9652824097
621,-39.8451669593
622,-23.4421735331
623,-26.6247417146
624,-29.8773921543
625,-43.2901412241
626,-30.1472657514
627,-27.1287735616
628,-18.9511643431
629,-25.8238375705
630,-19.4226469973
631,-11.5999562391
632,-30.4885145801
633,-30.3889855911
634,-30.8073646554
635,-28.4656425566
636,-31.6939031492
637,-26.6103736643
638,-29.2442122632
639,-22.1626323882
640,-24.355815943
641,-35.3407657693
642,-52.2290103806
643,-22.0824841726
644,-26.3756394768
645,-24.0329389025
646,-21.1923535031
647,-23.800081432
648,-25.4356840638
649,-24.6641672269
650,-20.7248350203
651,-25.1056147142
652,-21.4984527915
653,-31.5114687348
654,-26.8281556176
655,-33.3245483628
656,-31.6096994621
657,-25.2210397154
658,-18.8369389674
659,-32.8188728506
660,-21.9462004506
661,-12.4291039695
662,-24.5432395287
663,-25.0849440904
664,-20.5674065998
665,-33.5036581026
666,-35.1253392415
667,-35.5617301645
668,-41.4462579235
669,-24.2340998944
670,-28.1319422444
671,-24.3253571277
672,-19.8848604131
673,-12.3300615936
674,-25.9774282161
675,-22.2428725907
676,-33.5686446381
677,-20.7130163814
678,-35.7559507776
679,-34.5851775683
680,-17.9636820965
681,-19.6761566218
682,-35.9406494102
683,-34.7694849331
684,-38.3482363958
685,-27.1491540049
686,-13.6128409385
687,-27.0148824693
688,-29.2038745439
689,-28.8169931251
690,-19.601408191
691,-25.9978589094
692,-27.9610576074
693,-20.5189593827
694,-23.2274779666
695,-48.2102227509
696,-26.598937479
697,-20.2973962641
698,-19.7392491545
699,-22.8800316121
700,-19.3262555844
701,-35.8962126087
702,-33.939985486
703,-24.8771553541
704,-23.9459493203
705,-38.8125187724
706,-28.6508803899
707,-22.5158536925
708,-27.6173153463
709,-18.8504369198
710,-40.1640103471
711,-22.6645136274
712,-19.0526838403
713,-26.1983393637
714,-20.6495481338
715,-23.2925661955
716,-31.7111916656
717,-23.5364199512
718,-26.9053458059
719,-21.9521031223
720,-24.7964177342
721,-19.3311790589
722,-29.597212401
723,-27.7126980985
724,-25.1820183007
725,-38.2940547161
726,-25.4953092885
727,-25.2537408839
728,-21.7025470513
729,-27.3412949543
730,-26.3083230392
731,-38.892173097
732,-27.0426936181
733,-18.3352247495
734,-18.7909137956
735,-33.5166190146
736,-25.0599066697
737,-37.9923764789
738,-32.9700603854
739,-22.6299111082
740,-41.8801517606
741,-31.7148640644
742,-20.8096706591
743,-30.159404839
744,-31.353282302
745,-31.2757375617
746,-21.3565436039
747,-24.7213678855
748,-39.0133379493
749,-20.9664288916
750,-21.3197562335
751,-30.8475259581
752,-26.168117145
753,-29.5858459496
754,-37.7695837392
755,-36.5984938917
756,-21.2333400127
757,-35.9209155868
758,-19.5900798678
759,-32.3617165149
760,-28.4086624916
761,-28.5735812079
762,-27.6507607811
763,-26.7236740204
764,-32.3736624993
765,-21.798959433
766,-40.0258038168
767,-22.8961333162
768,-48.5115235502
769,-26.6907439323
770,-48.6525528807
771,-36.9123115369
772,-28.7387631547
773,-28.9481865448
774,-20.2120320633
775,-24.8519437833
776,-24.5408502794
777,-23.7679691898
778,-32.6309483412
779,-48.7885388317
780,-31.6265066121
781,-29.5324028825
782,-31.4783741363
783,-29.8435412131
784,-30.1523760948
785,-19.5641643078
786,-45.2348103267
787,-37.3381081491
788,-38.7245285719
789,-25.6131057249
790,-22.9507154133
791,-48.8429860091
792,-31.8939632606
793,-30.04496387
794,-34.106722364
795,-18.3626610692
796,-23.7283314292
797,-20.7358093017
798,-15.4180640141
799,-31.5789698329
800,-30.3108874935
801,-18.8374838045
802,-13.9650741678
803,-34.2794770474
804,-24.8219791976
805,-36.0148064292
806,-32.0990065143
807,-22.3482800437
808,-18.7800157253
809,-20.5092146501
810,-22.3694022829
811,-29.0094463749
812,-34.3318000757
813,-34.0411024184
814,-17.496984649
815,-16.9674535399
816,-28.8900951822
817,-22.0782661447
818,-30.7895184986
819,-21.8966447801
820,-28.6135744238
821,-40.4829446445
822,-37.4359240235
823,-36.6410133869
824,-40.6476812625
825,-27.7072978937
826,-17.8683898684
827,-23.0049635276
828,-24.6391941833
829,-22.5850367692
830,-25.7140292708
831,-41.9508332257
832,-32.6269965917
833,-21.7327767429
834,-28.0889647213
835,-19.902659578
836,-22.075280218
837,-36.4952360366
838,-28.4187443952
839,-29.8144739405
840,-24.0513132381
841,-29.4690965625
842,-35.3247273578
843,-22.6763653449
844,-40.6458630579
845,-30.043723765
846,-35.4927354609
847,-26.9872647849
848,-27.2791965835
849,-21.3521394675
850,-31.2163595233
851,-22.3399602012
852,-27.4844868379
853,-19.3480706004
854,-22.3579558466
855,-23.4710701544
856,-32.373683332
857,-17.726530743
858,-32.1681415785
859,-33.2314589804
860,-25.4449240689
861,-24.5744342366
862,-40.4234972354
863,-35.9468778868
864,-24.6736736074
865,-20.7520982543
866,-19.4252877771
867,-39.6281484494
868,-30.2026716607
869,-29.9184802404
870,-27.024606535
871,-23.5828597406
872,-22.2354302994
873,-18.0662537908
874,-27.888181696
875,-28.9756243675
876,-23.0559441012
877,-22.0263371565
878,-12.6312747378
879,-32.9317782406
880,-32.7746812921
881,-37.1310311854
882,-36.4610786518
883,-18.6551326761
884,-35.1869863974
885,-44.9704065456
886,-19.5711255548
887,-49.6667209455
888,-26.3673157854
889,-20.3427225198
890,-19.1937914164
891,-20.0770144027
892,-34.6631206718
893,-18.5873057658
894,-21.6520090604
895,-28.9176858168
896,-22.1247912424
897,-26.3978923307
898,-35.3526546207
899,-17.6808510771
900,-37.1771160724
901,-26.4233973451
902,-23.6643623021
903,-52.8367162691
904,-12.5416092819
905,-37.9435221098
906,-34.9731560025
907,-27.7029633263
908,-23.9018619437
909,-36.3537496663
910,-25.8804323118
911,-26.1295565453
912,-20.2965417446
913,-27.3470404739
914,-14.6301918536
915,-19.6148251849
916,-21.2335771696
917,-29.6082739257
918,-20.8996416008
919,-47.8364210878
920,-36.8726742996
921,-21.2326172651
922,-35.7875908694
923,-34.9923505722
924,-18.8754136009
925,-24.2845650759
926,-24.9948720044
927,-18.5895866697
928,-21.6202855568
929,-18.0890919943
930,-56.4558271573
931,-22.9268112347
932,-24.1040375838
933,-34.6953594121
934,-28.3234819235
935,-31.2782812024
936,-35.5804348317
937,-28.0263346774
938,-21.4550644959
939,-45.0629475372
940,-27.9807822511
941,-20.3839981509
942,-18.9244607043
943,-37.1831094073
944,-25.8913430944
945,-23.8523039325
946,-23.1381968705
947,-37.5423953961
948,-48.4023550712
949,-25.0937317468
950,-26.5975042666
951,-19.8218259359
952,-22.1799756544
953,-29.6092613361
954,-36.6137786828
955,-42.8428701812
956,-34.8674819108
957,-31.2287029077
958,-48.6189785363
959,-28.6200439011
960,-20.5812037387
961,-37.6667878412
962,-20.2343623473
963,-38.1863038096
964,-48.8509491989
965,-24.5810375868
966,-29.3721942951
967,-33.0735642105
968,-51.6258133393
969,-42.9564359472
970,-17.6939402023
971,-21.1432459915
972,-29.7909773873
973,-40.5253753035
974,-28.0484820294
975,-24.8602868119
976,-35.2089223344
977,-23.2212905412
978,-18.2036462383
979,-17.5241876114
980,-32.0081004164
981,-38.0782392411
982,-30.8260852812
983,-25.9445269827
984,-34.8974450462
985,-26.0813499927
986,-32.8172499893
987,-21.2908757458
988,-23.8978662594
989,-18.994837825
990,-21.5104778342
991,-22.068837903
992,-38.066340035
993,-21.6287028845
994,-21.5118565349
995,-21.95765837
996,-38.0081661238
997,-25.9834806331
998,-29.6059780154
999,-53.49189381
1000,-26.7423556878
